2 0 1 0 2 6
1 9 14 9 13 9
11 2 9 1 9 11
3 5 3 4 3 8
6 7 5 -1 -1 99
7 8 0 -1 -1 0
10 6 14 -1 -1 0
6 7 6 -1 -1 99
10 5 14 -1 -1 0
10 7 14 -1 -1 0
8 5 4 -1 -1 0
10 4 14 -1 -1 0
10 8 14 -1 -1 0
8 4 4 -1 -1 0
10 3 14 -1 -1 0
8 6 3 -1 -1 0
6 7 4 -1 -1 99
7 9 0 -1 -1 0
10 7 13 -1 -1 0
10 5 13 -1 -1 0
8 6 2 -1 -1 0
6 8 4 -1 -1 99
10 8 13 -1 -1 0
10 7 12 -1 -1 0
10 8 12 -1 -1 0
7 8 1 -1 -1 0
7 7 1 -1 -1 0
7 7 2 -1 -1 0
10 2 14 -1 -1 0
10 9 13 -1 -1 0
10 6 13 -1 -1 0
8 5 2 -1 -1 0
7 7 0 -1 -1 0
10 8 11 -1 -1 0
