12 0 12 1 12 5 5 False 0
2 5 12 5 11 3
2 9 10 9 11 3
2 8 13 8 14 3
5 1 9 0 9 4
11 8 0 8 1 17
6 7 10 -1 -1 99
10 2 0 -1 -1 0
8 2 7 -1 -1 0
10 3 2 -1 -1 0
10 4 4 -1 -1 0
10 4 2 -1 -1 0
6 7 9 -1 -1 99
10 2 3 -1 -1 0
10 5 2 -1 -1 0
8 2 6 -1 -1 0
6 8 10 -1 -1 99
10 2 4 -1 -1 0
8 1 6 -1 -1 0
10 2 1 -1 -1 0
6 8 9 -1 -1 99
10 6 2 -1 -1 0
10 4 3 -1 -1 0
8 2 5 -1 -1 0
10 3 4 -1 -1 0
10 5 4 -1 -1 0
7 3 11 -1 -1 0
10 3 0 -1 -1 0
7 5 13 -1 -1 0
10 3 3 -1 -1 0
10 6 1 -1 -1 0
10 1 1 -1 -1 0
8 1 7 -1 -1 0
10 5 3 -1 -1 0
8 1 5 -1 -1 0
10 6 0 -1 -1 0
10 3 1 -1 -1 0
7 5 10 -1 -1 0
10 1 3 -1 -1 0
10 0 1 -1 -1 0
10 6 3 -1 -1 0
8 0 6 -1 -1 0
10 4 0 -1 -1 0
7 5 9 -1 -1 0
10 6 4 -1 -1 0
10 2 2 -1 -1 0
10 1 2 -1 -1 0
10 0 2 -1 -1 0
7 6 9 -1 -1 0
10 6 5 -1 -1 0
